{
 "cells": [
  {
   "cell_type": "markdown",
   "metadata": {},
   "source": [
    "<div class=\"alert alert-danger alertdanger\" style=\"margin-top: 20px\">\n",
    "<h1> Question 1: </h1>\n",
    "\n",
    "<p>Find the correlation between the following columns: bore, stroke,compression-ratio , and horsepower.</p>\n",
    "\n",
    "<h1> Question 2 a): </h1>\n",
    "\n",
    "<p>Find the correlation  between x=\"stroke\", y=\"price\".</p>\n",
    "\n",
    "<h1>Question 2 b):</h1>\n",
    "\n",
    "<p>Given the correlation results between \"price\" and \"stroke\" do you expect a linear relationship?</p> \n",
    "</div>"
   ]
  },
  {
   "cell_type": "code",
   "execution_count": 1,
   "metadata": {
    "collapsed": true
   },
   "outputs": [],
   "source": [
    "import pandas as pd\n",
    "import numpy as np\n",
    "import matplotlib.pyplot as plt\n",
    "import seaborn as sns\n",
    "%matplotlib inline"
   ]
  },
  {
   "cell_type": "code",
   "execution_count": 2,
   "metadata": {},
   "outputs": [
    {
     "data": {
      "text/html": [
       "<div>\n",
       "<style>\n",
       "    .dataframe thead tr:only-child th {\n",
       "        text-align: right;\n",
       "    }\n",
       "\n",
       "    .dataframe thead th {\n",
       "        text-align: left;\n",
       "    }\n",
       "\n",
       "    .dataframe tbody tr th {\n",
       "        vertical-align: top;\n",
       "    }\n",
       "</style>\n",
       "<table border=\"1\" class=\"dataframe\">\n",
       "  <thead>\n",
       "    <tr style=\"text-align: right;\">\n",
       "      <th></th>\n",
       "      <th>Unnamed: 0</th>\n",
       "      <th>symboling</th>\n",
       "      <th>normalized-losses</th>\n",
       "      <th>make</th>\n",
       "      <th>fuel-type</th>\n",
       "      <th>aspiration</th>\n",
       "      <th>num-of-doors</th>\n",
       "      <th>body-style</th>\n",
       "      <th>drive-wheels</th>\n",
       "      <th>engine-location</th>\n",
       "      <th>...</th>\n",
       "      <th>engine-size</th>\n",
       "      <th>fuel-system</th>\n",
       "      <th>bore</th>\n",
       "      <th>stroke</th>\n",
       "      <th>compression-ratio</th>\n",
       "      <th>horsepower</th>\n",
       "      <th>peak-rpm</th>\n",
       "      <th>city-mpg</th>\n",
       "      <th>highway-mpg</th>\n",
       "      <th>price</th>\n",
       "    </tr>\n",
       "  </thead>\n",
       "  <tbody>\n",
       "    <tr>\n",
       "      <th>0</th>\n",
       "      <td>0</td>\n",
       "      <td>3</td>\n",
       "      <td>122</td>\n",
       "      <td>alfa-romero</td>\n",
       "      <td>gas</td>\n",
       "      <td>std</td>\n",
       "      <td>two</td>\n",
       "      <td>convertible</td>\n",
       "      <td>rwd</td>\n",
       "      <td>front</td>\n",
       "      <td>...</td>\n",
       "      <td>130</td>\n",
       "      <td>mpfi</td>\n",
       "      <td>3.47</td>\n",
       "      <td>2.68</td>\n",
       "      <td>9.0</td>\n",
       "      <td>111.0</td>\n",
       "      <td>5000.0</td>\n",
       "      <td>21</td>\n",
       "      <td>27</td>\n",
       "      <td>13495</td>\n",
       "    </tr>\n",
       "    <tr>\n",
       "      <th>1</th>\n",
       "      <td>1</td>\n",
       "      <td>3</td>\n",
       "      <td>122</td>\n",
       "      <td>alfa-romero</td>\n",
       "      <td>gas</td>\n",
       "      <td>std</td>\n",
       "      <td>two</td>\n",
       "      <td>convertible</td>\n",
       "      <td>rwd</td>\n",
       "      <td>front</td>\n",
       "      <td>...</td>\n",
       "      <td>130</td>\n",
       "      <td>mpfi</td>\n",
       "      <td>3.47</td>\n",
       "      <td>2.68</td>\n",
       "      <td>9.0</td>\n",
       "      <td>111.0</td>\n",
       "      <td>5000.0</td>\n",
       "      <td>21</td>\n",
       "      <td>27</td>\n",
       "      <td>16500</td>\n",
       "    </tr>\n",
       "    <tr>\n",
       "      <th>2</th>\n",
       "      <td>2</td>\n",
       "      <td>1</td>\n",
       "      <td>122</td>\n",
       "      <td>alfa-romero</td>\n",
       "      <td>gas</td>\n",
       "      <td>std</td>\n",
       "      <td>two</td>\n",
       "      <td>hatchback</td>\n",
       "      <td>rwd</td>\n",
       "      <td>front</td>\n",
       "      <td>...</td>\n",
       "      <td>152</td>\n",
       "      <td>mpfi</td>\n",
       "      <td>2.68</td>\n",
       "      <td>3.47</td>\n",
       "      <td>9.0</td>\n",
       "      <td>154.0</td>\n",
       "      <td>5000.0</td>\n",
       "      <td>19</td>\n",
       "      <td>26</td>\n",
       "      <td>16500</td>\n",
       "    </tr>\n",
       "    <tr>\n",
       "      <th>3</th>\n",
       "      <td>3</td>\n",
       "      <td>2</td>\n",
       "      <td>164</td>\n",
       "      <td>audi</td>\n",
       "      <td>gas</td>\n",
       "      <td>std</td>\n",
       "      <td>four</td>\n",
       "      <td>sedan</td>\n",
       "      <td>fwd</td>\n",
       "      <td>front</td>\n",
       "      <td>...</td>\n",
       "      <td>109</td>\n",
       "      <td>mpfi</td>\n",
       "      <td>3.19</td>\n",
       "      <td>3.40</td>\n",
       "      <td>10.0</td>\n",
       "      <td>102.0</td>\n",
       "      <td>5500.0</td>\n",
       "      <td>24</td>\n",
       "      <td>30</td>\n",
       "      <td>13950</td>\n",
       "    </tr>\n",
       "    <tr>\n",
       "      <th>4</th>\n",
       "      <td>4</td>\n",
       "      <td>2</td>\n",
       "      <td>164</td>\n",
       "      <td>audi</td>\n",
       "      <td>gas</td>\n",
       "      <td>std</td>\n",
       "      <td>four</td>\n",
       "      <td>sedan</td>\n",
       "      <td>4wd</td>\n",
       "      <td>front</td>\n",
       "      <td>...</td>\n",
       "      <td>136</td>\n",
       "      <td>mpfi</td>\n",
       "      <td>3.19</td>\n",
       "      <td>3.40</td>\n",
       "      <td>8.0</td>\n",
       "      <td>115.0</td>\n",
       "      <td>5500.0</td>\n",
       "      <td>18</td>\n",
       "      <td>22</td>\n",
       "      <td>17450</td>\n",
       "    </tr>\n",
       "  </tbody>\n",
       "</table>\n",
       "<p>5 rows × 27 columns</p>\n",
       "</div>"
      ],
      "text/plain": [
       "   Unnamed: 0  symboling  normalized-losses         make fuel-type aspiration  \\\n",
       "0           0          3                122  alfa-romero       gas        std   \n",
       "1           1          3                122  alfa-romero       gas        std   \n",
       "2           2          1                122  alfa-romero       gas        std   \n",
       "3           3          2                164         audi       gas        std   \n",
       "4           4          2                164         audi       gas        std   \n",
       "\n",
       "  num-of-doors   body-style drive-wheels engine-location  ...    engine-size  \\\n",
       "0          two  convertible          rwd           front  ...            130   \n",
       "1          two  convertible          rwd           front  ...            130   \n",
       "2          two    hatchback          rwd           front  ...            152   \n",
       "3         four        sedan          fwd           front  ...            109   \n",
       "4         four        sedan          4wd           front  ...            136   \n",
       "\n",
       "   fuel-system  bore  stroke  compression-ratio horsepower peak-rpm  city-mpg  \\\n",
       "0         mpfi  3.47    2.68                9.0      111.0   5000.0        21   \n",
       "1         mpfi  3.47    2.68                9.0      111.0   5000.0        21   \n",
       "2         mpfi  2.68    3.47                9.0      154.0   5000.0        19   \n",
       "3         mpfi  3.19    3.40               10.0      102.0   5500.0        24   \n",
       "4         mpfi  3.19    3.40                8.0      115.0   5500.0        18   \n",
       "\n",
       "  highway-mpg  price  \n",
       "0          27  13495  \n",
       "1          27  16500  \n",
       "2          26  16500  \n",
       "3          30  13950  \n",
       "4          22  17450  \n",
       "\n",
       "[5 rows x 27 columns]"
      ]
     },
     "execution_count": 2,
     "metadata": {},
     "output_type": "execute_result"
    }
   ],
   "source": [
    "path = 'cleaned_data1.csv'\n",
    "df= pd.read_csv(path)\n",
    "df.head()"
   ]
  },
  {
   "cell_type": "markdown",
   "metadata": {},
   "source": [
    "<h2>Pearson Correlation</h2>"
   ]
  },
  {
   "cell_type": "code",
   "execution_count": 3,
   "metadata": {},
   "outputs": [
    {
     "data": {
      "text/html": [
       "<div>\n",
       "<style>\n",
       "    .dataframe thead tr:only-child th {\n",
       "        text-align: right;\n",
       "    }\n",
       "\n",
       "    .dataframe thead th {\n",
       "        text-align: left;\n",
       "    }\n",
       "\n",
       "    .dataframe tbody tr th {\n",
       "        vertical-align: top;\n",
       "    }\n",
       "</style>\n",
       "<table border=\"1\" class=\"dataframe\">\n",
       "  <thead>\n",
       "    <tr style=\"text-align: right;\">\n",
       "      <th></th>\n",
       "      <th>Unnamed: 0</th>\n",
       "      <th>symboling</th>\n",
       "      <th>normalized-losses</th>\n",
       "      <th>wheel-base</th>\n",
       "      <th>length</th>\n",
       "      <th>width</th>\n",
       "      <th>height</th>\n",
       "      <th>curb-weight</th>\n",
       "      <th>engine-size</th>\n",
       "      <th>bore</th>\n",
       "      <th>stroke</th>\n",
       "      <th>compression-ratio</th>\n",
       "      <th>horsepower</th>\n",
       "      <th>peak-rpm</th>\n",
       "      <th>city-mpg</th>\n",
       "      <th>highway-mpg</th>\n",
       "      <th>price</th>\n",
       "    </tr>\n",
       "  </thead>\n",
       "  <tbody>\n",
       "    <tr>\n",
       "      <th>Unnamed: 0</th>\n",
       "      <td>1.000000</td>\n",
       "      <td>-0.161862</td>\n",
       "      <td>-0.241034</td>\n",
       "      <td>0.125728</td>\n",
       "      <td>0.162374</td>\n",
       "      <td>0.044613</td>\n",
       "      <td>0.251376</td>\n",
       "      <td>0.065501</td>\n",
       "      <td>-0.046752</td>\n",
       "      <td>0.246473</td>\n",
       "      <td>-0.162926</td>\n",
       "      <td>0.144770</td>\n",
       "      <td>-0.022434</td>\n",
       "      <td>-0.198430</td>\n",
       "      <td>0.027644</td>\n",
       "      <td>0.020049</td>\n",
       "      <td>-0.117889</td>\n",
       "    </tr>\n",
       "    <tr>\n",
       "      <th>symboling</th>\n",
       "      <td>-0.161862</td>\n",
       "      <td>1.000000</td>\n",
       "      <td>0.466264</td>\n",
       "      <td>-0.535987</td>\n",
       "      <td>-0.365404</td>\n",
       "      <td>-0.242423</td>\n",
       "      <td>-0.550160</td>\n",
       "      <td>-0.233118</td>\n",
       "      <td>-0.110581</td>\n",
       "      <td>-0.140019</td>\n",
       "      <td>-0.008153</td>\n",
       "      <td>-0.182196</td>\n",
       "      <td>0.075819</td>\n",
       "      <td>0.279740</td>\n",
       "      <td>-0.035527</td>\n",
       "      <td>0.036233</td>\n",
       "      <td>-0.082391</td>\n",
       "    </tr>\n",
       "    <tr>\n",
       "      <th>normalized-losses</th>\n",
       "      <td>-0.241034</td>\n",
       "      <td>0.466264</td>\n",
       "      <td>1.000000</td>\n",
       "      <td>-0.056661</td>\n",
       "      <td>0.019424</td>\n",
       "      <td>0.086802</td>\n",
       "      <td>-0.373737</td>\n",
       "      <td>0.099404</td>\n",
       "      <td>0.112360</td>\n",
       "      <td>-0.029862</td>\n",
       "      <td>0.055045</td>\n",
       "      <td>-0.114713</td>\n",
       "      <td>0.217299</td>\n",
       "      <td>0.239543</td>\n",
       "      <td>-0.225016</td>\n",
       "      <td>-0.181877</td>\n",
       "      <td>0.133999</td>\n",
       "    </tr>\n",
       "    <tr>\n",
       "      <th>wheel-base</th>\n",
       "      <td>0.125728</td>\n",
       "      <td>-0.535987</td>\n",
       "      <td>-0.056661</td>\n",
       "      <td>1.000000</td>\n",
       "      <td>0.876024</td>\n",
       "      <td>0.814507</td>\n",
       "      <td>0.590742</td>\n",
       "      <td>0.782097</td>\n",
       "      <td>0.572027</td>\n",
       "      <td>0.493244</td>\n",
       "      <td>0.158018</td>\n",
       "      <td>0.250313</td>\n",
       "      <td>0.371147</td>\n",
       "      <td>-0.360305</td>\n",
       "      <td>-0.470606</td>\n",
       "      <td>-0.543304</td>\n",
       "      <td>0.584642</td>\n",
       "    </tr>\n",
       "    <tr>\n",
       "      <th>length</th>\n",
       "      <td>0.162374</td>\n",
       "      <td>-0.365404</td>\n",
       "      <td>0.019424</td>\n",
       "      <td>0.876024</td>\n",
       "      <td>1.000000</td>\n",
       "      <td>0.857170</td>\n",
       "      <td>0.492063</td>\n",
       "      <td>0.880665</td>\n",
       "      <td>0.685025</td>\n",
       "      <td>0.608971</td>\n",
       "      <td>0.123952</td>\n",
       "      <td>0.159733</td>\n",
       "      <td>0.579821</td>\n",
       "      <td>-0.285970</td>\n",
       "      <td>-0.665192</td>\n",
       "      <td>-0.698142</td>\n",
       "      <td>0.690628</td>\n",
       "    </tr>\n",
       "    <tr>\n",
       "      <th>width</th>\n",
       "      <td>0.044613</td>\n",
       "      <td>-0.242423</td>\n",
       "      <td>0.086802</td>\n",
       "      <td>0.814507</td>\n",
       "      <td>0.857170</td>\n",
       "      <td>1.000000</td>\n",
       "      <td>0.306002</td>\n",
       "      <td>0.866201</td>\n",
       "      <td>0.729436</td>\n",
       "      <td>0.544885</td>\n",
       "      <td>0.188822</td>\n",
       "      <td>0.189867</td>\n",
       "      <td>0.615077</td>\n",
       "      <td>-0.245800</td>\n",
       "      <td>-0.633531</td>\n",
       "      <td>-0.680635</td>\n",
       "      <td>0.751265</td>\n",
       "    </tr>\n",
       "    <tr>\n",
       "      <th>height</th>\n",
       "      <td>0.251376</td>\n",
       "      <td>-0.550160</td>\n",
       "      <td>-0.373737</td>\n",
       "      <td>0.590742</td>\n",
       "      <td>0.492063</td>\n",
       "      <td>0.306002</td>\n",
       "      <td>1.000000</td>\n",
       "      <td>0.307581</td>\n",
       "      <td>0.074694</td>\n",
       "      <td>0.180449</td>\n",
       "      <td>-0.060663</td>\n",
       "      <td>0.259737</td>\n",
       "      <td>-0.087027</td>\n",
       "      <td>-0.309974</td>\n",
       "      <td>-0.049800</td>\n",
       "      <td>-0.104812</td>\n",
       "      <td>0.135486</td>\n",
       "    </tr>\n",
       "    <tr>\n",
       "      <th>curb-weight</th>\n",
       "      <td>0.065501</td>\n",
       "      <td>-0.233118</td>\n",
       "      <td>0.099404</td>\n",
       "      <td>0.782097</td>\n",
       "      <td>0.880665</td>\n",
       "      <td>0.866201</td>\n",
       "      <td>0.307581</td>\n",
       "      <td>1.000000</td>\n",
       "      <td>0.849072</td>\n",
       "      <td>0.644060</td>\n",
       "      <td>0.167438</td>\n",
       "      <td>0.156433</td>\n",
       "      <td>0.757976</td>\n",
       "      <td>-0.279361</td>\n",
       "      <td>-0.749543</td>\n",
       "      <td>-0.794889</td>\n",
       "      <td>0.834415</td>\n",
       "    </tr>\n",
       "    <tr>\n",
       "      <th>engine-size</th>\n",
       "      <td>-0.046752</td>\n",
       "      <td>-0.110581</td>\n",
       "      <td>0.112360</td>\n",
       "      <td>0.572027</td>\n",
       "      <td>0.685025</td>\n",
       "      <td>0.729436</td>\n",
       "      <td>0.074694</td>\n",
       "      <td>0.849072</td>\n",
       "      <td>1.000000</td>\n",
       "      <td>0.572609</td>\n",
       "      <td>0.205928</td>\n",
       "      <td>0.028889</td>\n",
       "      <td>0.822676</td>\n",
       "      <td>-0.256733</td>\n",
       "      <td>-0.650546</td>\n",
       "      <td>-0.679571</td>\n",
       "      <td>0.872335</td>\n",
       "    </tr>\n",
       "    <tr>\n",
       "      <th>bore</th>\n",
       "      <td>0.246473</td>\n",
       "      <td>-0.140019</td>\n",
       "      <td>-0.029862</td>\n",
       "      <td>0.493244</td>\n",
       "      <td>0.608971</td>\n",
       "      <td>0.544885</td>\n",
       "      <td>0.180449</td>\n",
       "      <td>0.644060</td>\n",
       "      <td>0.572609</td>\n",
       "      <td>1.000000</td>\n",
       "      <td>-0.055390</td>\n",
       "      <td>0.001263</td>\n",
       "      <td>0.566936</td>\n",
       "      <td>-0.267392</td>\n",
       "      <td>-0.582027</td>\n",
       "      <td>-0.591309</td>\n",
       "      <td>0.543155</td>\n",
       "    </tr>\n",
       "    <tr>\n",
       "      <th>stroke</th>\n",
       "      <td>-0.162926</td>\n",
       "      <td>-0.008153</td>\n",
       "      <td>0.055045</td>\n",
       "      <td>0.158018</td>\n",
       "      <td>0.123952</td>\n",
       "      <td>0.188822</td>\n",
       "      <td>-0.060663</td>\n",
       "      <td>0.167438</td>\n",
       "      <td>0.205928</td>\n",
       "      <td>-0.055390</td>\n",
       "      <td>1.000000</td>\n",
       "      <td>0.187871</td>\n",
       "      <td>0.098267</td>\n",
       "      <td>-0.063561</td>\n",
       "      <td>-0.033956</td>\n",
       "      <td>-0.034636</td>\n",
       "      <td>0.082269</td>\n",
       "    </tr>\n",
       "    <tr>\n",
       "      <th>compression-ratio</th>\n",
       "      <td>0.144770</td>\n",
       "      <td>-0.182196</td>\n",
       "      <td>-0.114713</td>\n",
       "      <td>0.250313</td>\n",
       "      <td>0.159733</td>\n",
       "      <td>0.189867</td>\n",
       "      <td>0.259737</td>\n",
       "      <td>0.156433</td>\n",
       "      <td>0.028889</td>\n",
       "      <td>0.001263</td>\n",
       "      <td>0.187871</td>\n",
       "      <td>1.000000</td>\n",
       "      <td>-0.214514</td>\n",
       "      <td>-0.435780</td>\n",
       "      <td>0.331425</td>\n",
       "      <td>0.268465</td>\n",
       "      <td>0.071107</td>\n",
       "    </tr>\n",
       "    <tr>\n",
       "      <th>horsepower</th>\n",
       "      <td>-0.022434</td>\n",
       "      <td>0.075819</td>\n",
       "      <td>0.217299</td>\n",
       "      <td>0.371147</td>\n",
       "      <td>0.579821</td>\n",
       "      <td>0.615077</td>\n",
       "      <td>-0.087027</td>\n",
       "      <td>0.757976</td>\n",
       "      <td>0.822676</td>\n",
       "      <td>0.566936</td>\n",
       "      <td>0.098267</td>\n",
       "      <td>-0.214514</td>\n",
       "      <td>1.000000</td>\n",
       "      <td>0.107885</td>\n",
       "      <td>-0.822214</td>\n",
       "      <td>-0.804575</td>\n",
       "      <td>0.809575</td>\n",
       "    </tr>\n",
       "    <tr>\n",
       "      <th>peak-rpm</th>\n",
       "      <td>-0.198430</td>\n",
       "      <td>0.279740</td>\n",
       "      <td>0.239543</td>\n",
       "      <td>-0.360305</td>\n",
       "      <td>-0.285970</td>\n",
       "      <td>-0.245800</td>\n",
       "      <td>-0.309974</td>\n",
       "      <td>-0.279361</td>\n",
       "      <td>-0.256733</td>\n",
       "      <td>-0.267392</td>\n",
       "      <td>-0.063561</td>\n",
       "      <td>-0.435780</td>\n",
       "      <td>0.107885</td>\n",
       "      <td>1.000000</td>\n",
       "      <td>-0.115413</td>\n",
       "      <td>-0.058598</td>\n",
       "      <td>-0.101616</td>\n",
       "    </tr>\n",
       "    <tr>\n",
       "      <th>city-mpg</th>\n",
       "      <td>0.027644</td>\n",
       "      <td>-0.035527</td>\n",
       "      <td>-0.225016</td>\n",
       "      <td>-0.470606</td>\n",
       "      <td>-0.665192</td>\n",
       "      <td>-0.633531</td>\n",
       "      <td>-0.049800</td>\n",
       "      <td>-0.749543</td>\n",
       "      <td>-0.650546</td>\n",
       "      <td>-0.582027</td>\n",
       "      <td>-0.033956</td>\n",
       "      <td>0.331425</td>\n",
       "      <td>-0.822214</td>\n",
       "      <td>-0.115413</td>\n",
       "      <td>1.000000</td>\n",
       "      <td>0.972044</td>\n",
       "      <td>-0.686571</td>\n",
       "    </tr>\n",
       "    <tr>\n",
       "      <th>highway-mpg</th>\n",
       "      <td>0.020049</td>\n",
       "      <td>0.036233</td>\n",
       "      <td>-0.181877</td>\n",
       "      <td>-0.543304</td>\n",
       "      <td>-0.698142</td>\n",
       "      <td>-0.680635</td>\n",
       "      <td>-0.104812</td>\n",
       "      <td>-0.794889</td>\n",
       "      <td>-0.679571</td>\n",
       "      <td>-0.591309</td>\n",
       "      <td>-0.034636</td>\n",
       "      <td>0.268465</td>\n",
       "      <td>-0.804575</td>\n",
       "      <td>-0.058598</td>\n",
       "      <td>0.972044</td>\n",
       "      <td>1.000000</td>\n",
       "      <td>-0.704692</td>\n",
       "    </tr>\n",
       "    <tr>\n",
       "      <th>price</th>\n",
       "      <td>-0.117889</td>\n",
       "      <td>-0.082391</td>\n",
       "      <td>0.133999</td>\n",
       "      <td>0.584642</td>\n",
       "      <td>0.690628</td>\n",
       "      <td>0.751265</td>\n",
       "      <td>0.135486</td>\n",
       "      <td>0.834415</td>\n",
       "      <td>0.872335</td>\n",
       "      <td>0.543155</td>\n",
       "      <td>0.082269</td>\n",
       "      <td>0.071107</td>\n",
       "      <td>0.809575</td>\n",
       "      <td>-0.101616</td>\n",
       "      <td>-0.686571</td>\n",
       "      <td>-0.704692</td>\n",
       "      <td>1.000000</td>\n",
       "    </tr>\n",
       "  </tbody>\n",
       "</table>\n",
       "</div>"
      ],
      "text/plain": [
       "                   Unnamed: 0  symboling  normalized-losses  wheel-base  \\\n",
       "Unnamed: 0           1.000000  -0.161862          -0.241034    0.125728   \n",
       "symboling           -0.161862   1.000000           0.466264   -0.535987   \n",
       "normalized-losses   -0.241034   0.466264           1.000000   -0.056661   \n",
       "wheel-base           0.125728  -0.535987          -0.056661    1.000000   \n",
       "length               0.162374  -0.365404           0.019424    0.876024   \n",
       "width                0.044613  -0.242423           0.086802    0.814507   \n",
       "height               0.251376  -0.550160          -0.373737    0.590742   \n",
       "curb-weight          0.065501  -0.233118           0.099404    0.782097   \n",
       "engine-size         -0.046752  -0.110581           0.112360    0.572027   \n",
       "bore                 0.246473  -0.140019          -0.029862    0.493244   \n",
       "stroke              -0.162926  -0.008153           0.055045    0.158018   \n",
       "compression-ratio    0.144770  -0.182196          -0.114713    0.250313   \n",
       "horsepower          -0.022434   0.075819           0.217299    0.371147   \n",
       "peak-rpm            -0.198430   0.279740           0.239543   -0.360305   \n",
       "city-mpg             0.027644  -0.035527          -0.225016   -0.470606   \n",
       "highway-mpg          0.020049   0.036233          -0.181877   -0.543304   \n",
       "price               -0.117889  -0.082391           0.133999    0.584642   \n",
       "\n",
       "                     length     width    height  curb-weight  engine-size  \\\n",
       "Unnamed: 0         0.162374  0.044613  0.251376     0.065501    -0.046752   \n",
       "symboling         -0.365404 -0.242423 -0.550160    -0.233118    -0.110581   \n",
       "normalized-losses  0.019424  0.086802 -0.373737     0.099404     0.112360   \n",
       "wheel-base         0.876024  0.814507  0.590742     0.782097     0.572027   \n",
       "length             1.000000  0.857170  0.492063     0.880665     0.685025   \n",
       "width              0.857170  1.000000  0.306002     0.866201     0.729436   \n",
       "height             0.492063  0.306002  1.000000     0.307581     0.074694   \n",
       "curb-weight        0.880665  0.866201  0.307581     1.000000     0.849072   \n",
       "engine-size        0.685025  0.729436  0.074694     0.849072     1.000000   \n",
       "bore               0.608971  0.544885  0.180449     0.644060     0.572609   \n",
       "stroke             0.123952  0.188822 -0.060663     0.167438     0.205928   \n",
       "compression-ratio  0.159733  0.189867  0.259737     0.156433     0.028889   \n",
       "horsepower         0.579821  0.615077 -0.087027     0.757976     0.822676   \n",
       "peak-rpm          -0.285970 -0.245800 -0.309974    -0.279361    -0.256733   \n",
       "city-mpg          -0.665192 -0.633531 -0.049800    -0.749543    -0.650546   \n",
       "highway-mpg       -0.698142 -0.680635 -0.104812    -0.794889    -0.679571   \n",
       "price              0.690628  0.751265  0.135486     0.834415     0.872335   \n",
       "\n",
       "                       bore    stroke  compression-ratio  horsepower  \\\n",
       "Unnamed: 0         0.246473 -0.162926           0.144770   -0.022434   \n",
       "symboling         -0.140019 -0.008153          -0.182196    0.075819   \n",
       "normalized-losses -0.029862  0.055045          -0.114713    0.217299   \n",
       "wheel-base         0.493244  0.158018           0.250313    0.371147   \n",
       "length             0.608971  0.123952           0.159733    0.579821   \n",
       "width              0.544885  0.188822           0.189867    0.615077   \n",
       "height             0.180449 -0.060663           0.259737   -0.087027   \n",
       "curb-weight        0.644060  0.167438           0.156433    0.757976   \n",
       "engine-size        0.572609  0.205928           0.028889    0.822676   \n",
       "bore               1.000000 -0.055390           0.001263    0.566936   \n",
       "stroke            -0.055390  1.000000           0.187871    0.098267   \n",
       "compression-ratio  0.001263  0.187871           1.000000   -0.214514   \n",
       "horsepower         0.566936  0.098267          -0.214514    1.000000   \n",
       "peak-rpm          -0.267392 -0.063561          -0.435780    0.107885   \n",
       "city-mpg          -0.582027 -0.033956           0.331425   -0.822214   \n",
       "highway-mpg       -0.591309 -0.034636           0.268465   -0.804575   \n",
       "price              0.543155  0.082269           0.071107    0.809575   \n",
       "\n",
       "                   peak-rpm  city-mpg  highway-mpg     price  \n",
       "Unnamed: 0        -0.198430  0.027644     0.020049 -0.117889  \n",
       "symboling          0.279740 -0.035527     0.036233 -0.082391  \n",
       "normalized-losses  0.239543 -0.225016    -0.181877  0.133999  \n",
       "wheel-base        -0.360305 -0.470606    -0.543304  0.584642  \n",
       "length            -0.285970 -0.665192    -0.698142  0.690628  \n",
       "width             -0.245800 -0.633531    -0.680635  0.751265  \n",
       "height            -0.309974 -0.049800    -0.104812  0.135486  \n",
       "curb-weight       -0.279361 -0.749543    -0.794889  0.834415  \n",
       "engine-size       -0.256733 -0.650546    -0.679571  0.872335  \n",
       "bore              -0.267392 -0.582027    -0.591309  0.543155  \n",
       "stroke            -0.063561 -0.033956    -0.034636  0.082269  \n",
       "compression-ratio -0.435780  0.331425     0.268465  0.071107  \n",
       "horsepower         0.107885 -0.822214    -0.804575  0.809575  \n",
       "peak-rpm           1.000000 -0.115413    -0.058598 -0.101616  \n",
       "city-mpg          -0.115413  1.000000     0.972044 -0.686571  \n",
       "highway-mpg       -0.058598  0.972044     1.000000 -0.704692  \n",
       "price             -0.101616 -0.686571    -0.704692  1.000000  "
      ]
     },
     "execution_count": 3,
     "metadata": {},
     "output_type": "execute_result"
    }
   ],
   "source": [
    "df.corr()"
   ]
  },
  {
   "cell_type": "markdown",
   "metadata": {},
   "source": [
    "<ul>\n",
    "    <li>p-value is $<$ 0.001: we say there is strong evidence that the correlation is significant.</li>\n",
    "    <li>the p-value is $<$ 0.05: there is moderate evidence that the correlation is significant.</li>\n",
    "    <li>the p-value is $<$ 0.1: there is weak evidence that the correlation is significant.</li>\n",
    "    <li>the p-value is $>$ 0.1: there is no evidence that the correlation is significant.</li>\n",
    "</ul>"
   ]
  },
  {
   "cell_type": "code",
   "execution_count": 5,
   "metadata": {
    "collapsed": true
   },
   "outputs": [],
   "source": [
    "from scipy import stats"
   ]
  },
  {
   "cell_type": "code",
   "execution_count": 6,
   "metadata": {},
   "outputs": [
    {
     "name": "stdout",
     "output_type": "stream",
     "text": [
      "0.8723351674455185 9.265491622197996e-64\n"
     ]
    }
   ],
   "source": [
    "P_coef, p_val = stats.pearsonr(df['engine-size'], df['price'])\n",
    "print(P_coef, p_val)"
   ]
  },
  {
   "cell_type": "markdown",
   "metadata": {},
   "source": [
    "<h3>Highway-mpg vs Price</h3>"
   ]
  },
  {
   "cell_type": "markdown",
   "metadata": {},
   "source": [
    "<h3>Horsepower vs Price</h3>"
   ]
  },
  {
   "cell_type": "code",
   "execution_count": null,
   "metadata": {
    "collapsed": true
   },
   "outputs": [],
   "source": []
  },
  {
   "cell_type": "code",
   "execution_count": null,
   "metadata": {
    "collapsed": true
   },
   "outputs": [],
   "source": []
  }
 ],
 "metadata": {
  "kernelspec": {
   "display_name": "Python 3",
   "language": "python",
   "name": "python3"
  },
  "language_info": {
   "codemirror_mode": {
    "name": "ipython",
    "version": 3
   },
   "file_extension": ".py",
   "mimetype": "text/x-python",
   "name": "python",
   "nbconvert_exporter": "python",
   "pygments_lexer": "ipython3",
   "version": "3.6.3"
  }
 },
 "nbformat": 4,
 "nbformat_minor": 2
}
